image: train_map.png
resolution: 0.002
origin: [0.000000, 0.000000, 0.000000]
occupied_thresh: 0.95